0 1
16 12 6 4 5 10 7 4 16 9 10 4 10 7 12 7 11
26 1 44 2 15 15 18 24 24 4 11 22 37 33 5 15 21 33 6 9 4 4 40 1 29 17 14 26 16 35 40 4 43 2 6 13 17 32 37 4 43 11 33 36 44
29 37 7 18 21 13 24 1 11 24 22 36 12 21 27 20 28 26 22 38 26 32 39 21 32 38 11 0 32 29 35 22 27 3 40 7 16 24 8 30 9
31 4 15 7 24 15 23 16 19 14 16 13 0 31 17 11 4 1 30 23 31 21 23 29 18 31 25 32 8 10 32 6 12
1 10 2 27 7 8 29 40 8 26 46 42 15 41 5 27 44 24 33 2 31 44 19 4 37 39 13 45 3 12 12 4 22 40 11 9 1 40 2 9 45 28 30 13 22 36 40
27 12 22 28 32 9 29 25 19 12 7 18 24 1 31 18 22 35 19 26 0 28 22 13 33 4 23 2 14 3 19 19 31 3 9 3 28 16
18 6 12 24 0 24 15 16 0 22 6 9 11 0 11 4 11 3 5 5 21 20 8 0 12 24
31 20 1 4 24 23 33 5 35 27 28 26 11 21 30 4 34 24 26 14 33 27 5 24 7 6 16 29 32 34 7 27 19 8 12 23
21 16 18 7 4 7 9 31 6 3 7 2 8 22 12 29 12 26 5 11 7 0 37 22 16 10 39 4 23 36 24 3 11 4 10 17 13 19 7 20 22
